mnist1
width = [0.2911071907912004, 0.3257624239304001, 0.22817966060239994, 0.308125797113601, 0.2904943731103997, 0.3303561693624003, 0.33451288761279985, 0.28059780372639986, 0.29779913094560057, 0.32439199286000003, 0.21079076007280004, 0.29461193606255953, 0.31309778752959994, 0.2670556520799996, 0.3403380885112004, 0.2666123653759998, 0.30088421054399983, 0.3110718209849598, 0.30434317424559976, 0.28509723322972025, 0.19168240723759997, 0.2600358133208006, 0.3220346992775998, 0.3175735832640003, 0.11290755930840002, 0.3574455093480002, 0.3268148819920002, 0.31573903852960006, 0.33800741453600014, 0.2847803195587199]
mnist2
width = [0.04389832216471999, 0.046908116126399994, 0.045945445418400004, 0.04595161650296001, 0.0454792694472, 0.045346954904, 0.045928209408800005, 0.0458568326936, 0.045279826976000005, 0.04625889214944, 0.04637924443679999, 0.045720106137600004, 0.04776684675839999, 0.04477103989006399, 0.044327791585600004, 0.044090974339039996, 0.046360064645599997, 0.04591806725864, 0.044634147372480004, 0.045060102952000004, 0.0454151976732, 0.04351606827582399, 0.0446128286872, 0.04658521794808, 0.043385783968720004]
mnist3
width = [0.7391577060960001, 0.7236808611544001, 0.730968744184, 0.8390223292960001, 0.7404731091968001, 0.638956396768, 0.68690769872, 0.689393310784, 0.733051592392, 0.7531322801760001, 0.76619194322368, 0.6668511260640001, 0.7617355454832002, 0.729492272752, 0.6511199971439999, 0.7186387760408, 0.8455933486624002, 0.7048855784757602, 0.76487063424, 0.6580377596664, 0.7513791010480002, 0.7148453271759999, 0.79728024168, 0.6531671376543999, 0.8500238408056001]
mnist4
width = [0.5779472710072001, 0.5729936132631991, 0.5328180024488001, 0.5959507010479999, 0.5626442488480002, 0.6057628063704003, 0.5872747569376002, 0.6080585023943998, 0.5773797961120003, 0.6341566682079998, 0.5961485816719995, 0.5994267369113603, 0.6118929083864482, 0.5659903608327991, 0.6016248821520007, 0.6201143880719999, 0.6231735055200005, 0.6007772941200007, 0.5822683308160002, 0.5916167341816002, 0.5987291128943997, 0.5868181653119996, 0.6625962108848014, 0.5741035146800001, 0.5594046632720003, 0.5736884078160001, 0.595187536432, 0.6176458479440007, 0.6169695294887997, 0.5850884250568001, 0.5616344329839995, 0.6100686864880001, 0.5800227897759997, 0.614484002488, 0.6494928419599991, 0.5911606252479994, 0.5665126539808, 0.6021488186159999, 0.6249867330480007, 0.5947836903680014, 0.636982619608001, 0.642965729872001, 0.5668578907440001, 0.5845333628432002, 0.563996758072, 0.5681176431680001, 0.5591415647664003, 0.6229273255784, 0.5545233440727998, 0.5682316909839997]
mnist1
width = [0.11290755930840002, 0.19168240723759997, 0.21079076007280004, 0.22817966060239994, 0.2600358133208006, 0.2666123653759998, 0.2670556520799996, 0.28059780372639986, 0.2847803195587199, 0.28509723322972025, 0.2904943731103997, 0.2911071907912004, 0.29461193606255953, 0.29779913094560057, 0.30088421054399983, 0.30434317424559976, 0.308125797113601, 0.3110718209849598, 0.31309778752959994, 0.31573903852960006, 0.3175735832640003, 0.3220346992775998, 0.32439199286000003, 0.3257624239304001, 0.3268148819920002, 0.3303561693624003, 0.33451288761279985, 0.33800741453600014, 0.3403380885112004, 0.3574455093480002]
mnist2
width = [0.043385783968720004, 0.04351606827582399, 0.04389832216471999, 0.044090974339039996, 0.044327791585600004, 0.0446128286872, 0.044634147372480004, 0.04477103989006399, 0.045060102952000004, 0.045279826976000005, 0.045346954904, 0.0454151976732, 0.0454792694472, 0.045720106137600004, 0.0458568326936, 0.04591806725864, 0.045928209408800005, 0.045945445418400004, 0.04595161650296001, 0.04625889214944, 0.046360064645599997, 0.04637924443679999, 0.04658521794808, 0.046908116126399994, 0.04776684675839999]
mnist3
width = [0.638956396768, 0.6511199971439999, 0.6531671376543999, 0.6580377596664, 0.6668511260640001, 0.68690769872, 0.689393310784, 0.7048855784757602, 0.7148453271759999, 0.7186387760408, 0.7236808611544001, 0.729492272752, 0.730968744184, 0.733051592392, 0.7391577060960001, 0.7404731091968001, 0.7513791010480002, 0.7531322801760001, 0.7617355454832002, 0.76487063424, 0.76619194322368, 0.79728024168, 0.8390223292960001, 0.8455933486624002, 0.8500238408056001]
mnist4
width = [0.5328180024488001, 0.5545233440727998, 0.5591415647664003, 0.5594046632720003, 0.5616344329839995, 0.5626442488480002, 0.563996758072, 0.5659903608327991, 0.5665126539808, 0.5668578907440001, 0.5681176431680001, 0.5682316909839997, 0.5729936132631991, 0.5736884078160001, 0.5741035146800001, 0.5773797961120003, 0.5779472710072001, 0.5800227897759997, 0.5822683308160002, 0.5845333628432002, 0.5850884250568001, 0.5868181653119996, 0.5872747569376002, 0.5911606252479994, 0.5916167341816002, 0.5947836903680014, 0.595187536432, 0.5959507010479999, 0.5961485816719995, 0.5987291128943997, 0.5994267369113603, 0.6007772941200007, 0.6016248821520007, 0.6021488186159999, 0.6057628063704003, 0.6080585023943998, 0.6100686864880001, 0.6118929083864482, 0.614484002488, 0.6169695294887997, 0.6176458479440007, 0.6201143880719999, 0.6229273255784, 0.6231735055200005, 0.6249867330480007, 0.6341566682079998, 0.636982619608001, 0.642965729872001, 0.6494928419599991, 0.6625962108848014]
